+----------------------+------+------+------+------+------+------+------+------+
| numOpinions/domRatio | 0.3  | 0.4  | 0.5  | 0.6  | 0.7  | 0.8  | 0.9  | 1.0  |
+----------------------+------+------+------+------+------+------+------+------+
|          2           | 0.22 | 0.36 | 0.45 | 0.53 | 0.7  | 0.76 | 0.74 | 0.78 |
|          3           | 0.15 | 0.3  | 0.44 | 0.53 | 0.58 | 0.79 | 0.74 | 0.8  |
|          4           | 0.15 | 0.35 | 0.45 | 0.51 | 0.6  | 0.7  | 0.73 | 0.87 |
|          5           | 0.15 | 0.31 | 0.49 | 0.52 | 0.6  | 0.71 | 0.82 | 0.77 |
|          6           | 0.14 | 0.31 | 0.43 | 0.52 | 0.6  | 0.72 | 0.8  | 0.78 |
|          7           | 0.16 | 0.39 | 0.46 | 0.54 | 0.62 | 0.68 | 0.73 | 0.77 |
|          8           | 0.18 | 0.34 | 0.47 | 0.54 | 0.64 | 0.69 | 0.72 | 0.8  |
|          9           | 0.18 | 0.44 | 0.46 | 0.56 | 0.62 | 0.7  | 0.75 | 0.81 |
|          10          | 0.18 | 0.36 | 0.48 | 0.59 | 0.64 | 0.7  | 0.75 | 0.79 |
+----------------------+------+------+------+------+------+------+------+------+